1 0.16466346153846154 0.1658653846153846 0.3293269230769231 0.31009615384615385
1 0.5228365384615384 0.16706730769230768 0.29086538461538464 0.2956730769230769
1 0.8653846153846154 0.16826923076923078 0.2403846153846154 0.2956730769230769
2 0.21754807692307693 0.014423076923076924 0.11778846153846154 0.028846153846153848
2 0.21875 0.3425480769230769 0.12740384615384615 0.021634615384615384
0 0.0985576923076923 0.40024038461538464 0.03365384615384615 0.021634615384615384
0 0.4723557692307692 0.41586538461538464 0.036057692307692304 0.021634615384615384
2 0.7836538461538461 0.4182692307692308 0.11298076923076923 0.08173076923076923
1 0.5144230769230769 0.49038461538461536 0.2932692307692308 0.3076923076923077
1 0.16346153846153846 0.49278846153846156 0.30288461538461536 0.3125
1 0.8449519230769231 0.5072115384615384 0.29086538461538464 0.29086538461538464
2 0.22115384615384615 0.6802884615384616 0.10576923076923077 0.021634615384615384
0 0.09975961538461539 0.734375 0.040865384615384616 0.019230769230769232
0 0.4699519230769231 0.7524038461538461 0.040865384615384616 0.028846153846153848
2 0.7800480769230769 0.7524038461538461 0.10576923076923077 0.08653846153846154
0 0.10096153846153846 0.07211538461538461 0.038461538461538464 0.016826923076923076
1 0.17067307692307693 0.8257211538461539 0.28365384615384615 0.31490384615384615
1 0.5096153846153846 0.8269230769230769 0.2932692307692308 0.3125
1 0.8509615384615384 0.8293269230769231 0.27884615384615385 0.2980769230769231
2 0.7908653846153846 0.08653846153846154 0.11298076923076923 0.08173076923076923
0 0.4723557692307692 0.09014423076923077 0.036057692307692304 0.02403846153846154