1 0.4074519230769231 0.1658653846153846 0.12980769230769232 0.3293269230769231
1 0.2536057692307692 0.16706730769230768 0.12740384615384615 0.31490384615384615
1 0.5625 0.16826923076923078 0.11538461538461539 0.33653846153846156
1 0.8882211538461539 0.16947115384615385 0.10817307692307693 0.3389423076923077
1 0.71875 0.16947115384615385 0.13942307692307693 0.3269230769230769
1 0.16706730769230768 0.49399038461538464 0.08653846153846154 0.3125
1 0.31850961538461536 0.4963942307692308 0.11538461538461539 0.3245192307692308
1 0.09254807692307693 0.5024038461538461 0.08653846153846154 0.3245192307692308
1 0.4735576923076923 0.5060096153846154 0.13221153846153846 0.3269230769230769
1 0.8605769230769231 0.5348557692307693 0.12740384615384615 0.2620192307692308
1 0.6622596153846154 0.5384615384615384 0.18509615384615385 0.25961538461538464
1 0.33774038461538464 0.8137019230769231 0.13221153846153846 0.28365384615384615
1 0.8112980769230769 0.8137019230769231 0.12740384615384615 0.30528846153846156
1 0.5841346153846154 0.8269230769230769 0.14903846153846154 0.3076923076923077
1 0.12620192307692307 0.8581730769230769 0.11057692307692307 0.22596153846153846
1 0.09495192307692307 0.1622596153846154 0.12740384615384615 0.32211538461538464