2 0.30649038461538464 0.17668269230769232 0.13221153846153846 0.23317307692307693
2 0.9314903846153846 0.18990384615384615 0.11057692307692307 0.2668269230769231
2 0.4963942307692308 0.20192307692307693 0.125 0.22596153846153846
2 0.09975961538461539 0.20673076923076922 0.13942307692307693 0.2403846153846154
2 0.6514423076923077 0.2091346153846154 0.09134615384615384 0.23317307692307693
2 0.7764423076923077 0.21995192307692307 0.1201923076923077 0.18509615384615385
2 0.2824519230769231 0.5192307692307693 0.10336538461538461 0.25721153846153844
2 0.45552884615384615 0.5240384615384616 0.0985576923076923 0.25961538461538464
2 0.8762019230769231 0.5288461538461539 0.16826923076923078 0.25240384615384615
2 0.10336538461538461 0.5324519230769231 0.12740384615384615 0.21634615384615385
2 0.6538461538461539 0.5685096153846154 0.14903846153846154 0.23798076923076922
2 0.13221153846153846 0.8293269230769231 0.1778846153846154 0.21634615384615385
2 0.7319711538461539 0.8341346153846154 0.11538461538461539 0.21153846153846154
2 0.5564903846153846 0.8365384615384616 0.14423076923076922 0.18028846153846154
2 0.9002403846153846 0.8425480769230769 0.16105769230769232 0.25961538461538464
2 0.3485576923076923 0.8485576923076923 0.10576923076923077 0.22115384615384615