1 0.3329326923076923 0.375 0.04567307692307692 0.0889423076923077
1 0.453125 0.41466346153846156 0.055288461538461536 0.12740384615384615
1 0.6598557692307693 0.41466346153846156 0.03365384615384615 0.08413461538461539
1 0.5432692307692307 0.43028846153846156 0.04326923076923077 0.125
1 0.3954326923076923 0.43509615384615385 0.055288461538461536 0.14903846153846154
1 0.8497596153846154 0.44350961538461536 0.057692307692307696 0.11538461538461539
1 0.7752403846153846 0.4723557692307692 0.052884615384615384 0.17067307692307693
1 0.17067307692307693 0.5072115384615384 0.07211538461538461 0.3389423076923077
1 0.2512019230769231 0.5072115384615384 0.057692307692307696 0.29086538461538464
1 0.07692307692307693 0.5192307692307693 0.0625 0.2956730769230769
1 0.5889423076923077 0.5709134615384616 0.06971153846153846 0.39903846153846156
1 0.9675480769230769 0.5769230769230769 0.06009615384615385 0.36538461538461536
1 0.8533653846153846 0.5817307692307693 0.06490384615384616 0.19951923076923078
1 0.6887019230769231 0.6274038461538461 0.14903846153846154 0.25721153846153844
1 0.484375 0.6694711538461539 0.10576923076923077 0.5793269230769231
1 0.3317307692307692 0.6802884615384616 0.12259615384615384 0.5480769230769231