2 0.3918269230769231 0.6646634615384616 0.04326923076923077 0.3629807692307692
2 0.06490384615384616 0.6670673076923077 0.07932692307692307 0.34615384615384615
2 0.47716346153846156 0.6706730769230769 0.06009615384615385 0.3293269230769231
2 0.9254807692307693 0.6706730769230769 0.08413461538461539 0.35336538461538464
2 0.16826923076923078 0.6706730769230769 0.052884615384615384 0.3293269230769231
2 0.5745192307692307 0.6730769230769231 0.06009615384615385 0.33413461538461536
2 0.8016826923076923 0.6790865384615384 0.08173076923076923 0.36778846153846156
2 0.6850961538461539 0.6814903846153846 0.07211538461538461 0.34134615384615385
2 0.2920673076923077 0.6838942307692307 0.08173076923076923 0.3245192307692308
2 0.8137019230769231 0.23918269230769232 0.09375 0.3581730769230769
2 0.9326923076923077 0.23918269230769232 0.0985576923076923 0.34615384615384615
2 0.06490384615384616 0.24759615384615385 0.07932692307692307 0.34134615384615385
2 0.3870192307692308 0.25600961538461536 0.08413461538461539 0.33653846153846156
2 0.7067307692307693 0.25841346153846156 0.0889423076923077 0.3629807692307692
2 0.16706730769230768 0.25841346153846156 0.07692307692307693 0.34134615384615385
2 0.5 0.2608173076923077 0.11298076923076923 0.36778846153846156
2 0.27403846153846156 0.27163461538461536 0.08653846153846154 0.3125
2 0.6033653846153846 0.296875 0.06009615384615385 0.31971153846153844